#ZA [deg]	H @ _ MHz	V @ _ MHz	H @ _ MHz	V @ _ MHz	H @ _ MHz	V @ _ MHz	H @ _ MHz	V @ _ MHz	H @ _ MHz	V @ _ MHz
   0	900	900	1100	1100	1285	1285	1350	1350	1500	1500	1670	1670
0	4.7663	4.7319	4.3764	4.4642	4.5012	4.7604	4.4425	4.7201	3.4600	3.6257	2.6991	2.8488
1	4.7350	4.7027	4.3453	4.4366	4.4585	4.7276	4.3972	4.6908	3.4242	3.6001	2.6923	2.8264
2	4.7060	4.6758	4.3162	4.4111	4.4184	4.6969	4.3545	4.6638	3.3907	3.5764	2.6863	2.8055
3	4.6788	4.6506	4.2889	4.3874	4.3804	4.6680	4.3138	4.6384	3.3592	3.5542	2.6809	2.7858
4	4.6531	4.6269	4.2630	4.3651	4.3440	4.6404	4.2748	4.6142	3.3292	3.5330	2.6760	2.7672
5	4.6290	4.6045	4.2383	4.3440	4.3089	4.6137	4.2371	4.5908	3.3005	3.5127	2.6713	2.7495
6	4.6062	4.5834	4.2147	4.3238	4.2748	4.5878	4.2006	4.5680	3.2727	3.4930	2.6667	2.7324
7	4.5846	4.5632	4.1920	4.3042	4.2416	4.5625	4.1651	4.5458	3.2457	3.4738	2.6621	2.7159
8	4.5640	4.5436	4.1700	4.2852	4.2090	4.5376	4.1306	4.5238	3.2194	3.4548	2.6576	2.6997
9	4.5442	4.5246	4.1488	4.2666	4.1772	4.5131	4.0971	4.5022	3.1936	3.4362	2.6530	2.6837
10	4.5253	4.5059	4.1280	4.2481	4.1460	4.4889	4.0644	4.4809	3.1682	3.4177	2.6485	2.6679
11	4.5072	4.4875	4.1077	4.2298	4.1155	4.4650	4.0325	4.4598	3.1433	3.3992	2.6441	2.6522
12	4.4897	4.4694	4.0879	4.2115	4.0857	4.4414	4.0013	4.4390	3.1187	3.3807	2.6399	2.6366
13	4.4728	4.4516	4.0686	4.1933	4.0566	4.4179	3.9708	4.4183	3.0945	3.3620	2.6358	2.6210
14	4.4563	4.4337	4.0496	4.1750	4.0284	4.3946	3.9409	4.3978	3.0707	3.3433	2.6319	2.6055
15	4.4401	4.4160	4.0312	4.1570	4.0009	4.3715	3.9115	4.3775	3.0472	3.3244	2.6282	2.5901
16	4.4244	4.3983	4.0134	4.1391	3.9741	4.3485	3.8826	4.3572	3.0243	3.3054	2.6248	2.5749
17	4.4091	4.3810	3.9960	4.1218	3.9482	4.3256	3.8542	4.3369	3.0018	3.2865	2.6215	2.5601
18	4.3942	4.3639	3.9792	4.1050	3.9229	4.3028	3.8263	4.3167	2.9798	3.2677	2.6184	2.5455
19	4.3797	4.3472	3.9630	4.0890	3.8984	4.2802	3.7991	4.2967	2.9583	3.2488	2.6155	2.5313
20	4.3656	4.3308	3.9475	4.0737	3.8746	4.2577	3.7727	4.2769	2.9374	3.2300	2.6127	2.5175
21	4.3519	4.3151	3.9327	4.0592	3.8517	4.2355	3.7473	4.2573	2.9172	3.2115	2.6100	2.5041
22	4.3383	4.2999	3.9185	4.0457	3.8298	4.2136	3.7230	4.2381	2.8977	3.1934	2.6073	2.4910
23	4.3248	4.2852	3.9050	4.0333	3.8087	4.1924	3.6996	4.2195	2.8790	3.1757	2.6049	2.4782
24	4.3113	4.2710	3.8921	4.0219	3.7883	4.1720	3.6771	4.2013	2.8611	3.1586	2.6027	2.4656
25	4.2978	4.2573	3.8799	4.0115	3.7684	4.1524	3.6554	4.1837	2.8441	3.1420	2.6008	2.4534
26	4.2842	4.2440	3.8684	4.0019	3.7489	4.1338	3.6343	4.1665	2.8280	3.1261	2.5993	2.4415
27	4.2708	4.2315	3.8577	3.9928	3.7300	4.1164	3.6138	4.1499	2.8125	3.1106	2.5982	2.4300
28	4.2578	4.2194	3.8478	3.9842	3.7113	4.1000	3.5937	4.1338	2.7978	3.0957	2.5974	2.4189
29	4.2455	4.2079	3.8386	3.9756	3.6932	4.0847	3.5741	4.1184	2.7838	3.0813	2.5968	2.4082
30	4.2339	4.1968	3.8300	3.9671	3.6759	4.0706	3.5554	4.1037	2.7704	3.0671	2.5965	2.3980
31	4.2234	4.1860	3.8220	3.9584	3.6592	4.0575	3.5374	4.0897	2.7578	3.0534	2.5961	2.3884
32	4.2140	4.1755	3.8148	3.9497	3.6434	4.0452	3.5204	4.0766	2.7459	3.0400	2.5957	2.3794
33	4.2060	4.1651	3.8083	3.9411	3.6287	4.0336	3.5045	4.0641	2.7349	3.0272	2.5951	2.3710
34	4.1992	4.1548	3.8026	3.9325	3.6151	4.0227	3.4896	4.0524	2.7244	3.0149	2.5945	2.3634
35	4.1937	4.1445	3.7977	3.9241	3.6026	4.0123	3.4757	4.0413	2.7143	3.0033	2.5939	2.3567
36	4.1894	4.1345	3.7934	3.9162	3.5911	4.0023	3.4629	4.0308	2.7047	2.9924	2.5934	2.3509
37	4.1864	4.1248	3.7896	3.9086	3.5807	3.9926	3.4512	4.0208	2.6952	2.9825	2.5931	2.3461
38	4.1847	4.1155	3.7862	3.9016	3.5714	3.9833	3.4406	4.0113	2.6861	2.9733	2.5932	2.3424
39	4.1841	4.1068	3.7830	3.8952	3.5629	3.9743	3.4311	4.0023	2.6773	2.9650	2.5939	2.3398
40	4.1843	4.0987	3.7800	3.8896	3.5550	3.9658	3.4223	3.9939	2.6691	2.9576	2.5952	2.3385
41	4.1853	4.0912	3.7772	3.8849	3.5477	3.9578	3.4143	3.9863	2.6617	2.9510	2.5974	2.3385
42	4.1866	4.0845	3.7744	3.8811	3.5410	3.9507	3.4068	3.9793	2.6551	2.9453	2.6005	2.3398
43	4.1882	4.0785	3.7718	3.8785	3.5347	3.9448	3.3998	3.9733	2.6498	2.9405	2.6044	2.3425
44	4.1899	4.0734	3.7692	3.8773	3.5291	3.9402	3.3932	3.9683	2.6457	2.9365	2.6091	2.3466
45	4.1916	4.0692	3.7670	3.8776	3.5241	3.9371	3.3873	3.9645	2.6431	2.9333	2.6144	2.3521
46	4.1930	4.0657	3.7651	3.8794	3.5199	3.9354	3.3822	3.9619	2.6420	2.9309	2.6201	2.3589
47	4.1943	4.0631	3.7637	3.8829	3.5169	3.9353	3.3782	3.9606	2.6426	2.9293	2.6263	2.3670
48	4.1955	4.0614	3.7627	3.8878	3.5152	3.9365	3.3755	3.9604	2.6448	2.9286	2.6330	2.3764
49	4.1966	4.0608	3.7624	3.8941	3.5149	3.9390	3.3745	3.9616	2.6487	2.9287	2.6402	2.3870
50	4.1979	4.0613	3.7630	3.9016	3.5161	3.9430	3.3752	3.9640	2.6542	2.9297	2.6479	2.3989
51	4.1993	4.0628	3.7646	3.9103	3.5191	3.9483	3.3778	3.9676	2.6609	2.9316	2.6562	2.4118
52	4.2014	4.0654	3.7675	3.9198	3.5239	3.9548	3.3823	3.9722	2.6688	2.9345	2.6652	2.4258
53	4.2041	4.0689	3.7716	3.9300	3.5306	3.9624	3.3888	3.9776	2.6776	2.9383	2.6750	2.4408
54	4.2078	4.0733	3.7773	3.9409	3.5392	3.9707	3.3972	3.9838	2.6873	2.9430	2.6856	2.4568
55	4.2127	4.0782	3.7844	3.9522	3.5497	3.9796	3.4076	3.9905	2.6979	2.9485	2.6972	2.4739
56	4.2189	4.0836	3.7929	3.9638	3.5622	3.9892	3.4196	3.9980	2.7095	2.9549	2.7097	2.4921
57	4.2266	4.0891	3.8028	3.9756	3.5765	3.9992	3.4334	4.0061	2.7223	2.9622	2.7231	2.5114
58	4.2357	4.0945	3.8139	3.9875	3.5927	4.0096	3.4489	4.0149	2.7366	2.9702	2.7375	2.5318
59	4.2463	4.0997	3.8262	3.9995	3.6106	4.0204	3.4661	4.0244	2.7524	2.9789	2.7528	2.5531
60	4.2581	4.1046	3.8396	4.0114	3.6303	4.0314	3.4847	4.0343	2.7700	2.9879	2.7690	2.5752
61	4.2710	4.1093	3.8540	4.0233	3.6516	4.0424	3.5049	4.0445	2.7892	2.9970	2.7859	2.5978
62	4.2849	4.1139	3.8694	4.0350	3.6742	4.0533	3.5266	4.0547	2.8103	3.0059	2.8032	2.6207
63	4.2997	4.1185	3.8857	4.0466	3.6981	4.0638	3.5497	4.0648	2.8331	3.0143	2.8210	2.6436
64	4.3150	4.1230	3.9028	4.0578	3.7232	4.0737	3.5744	4.0746	2.8574	3.0224	2.8392	2.6664
65	4.3308	4.1276	3.9206	4.0685	3.7492	4.0832	3.6005	4.0840	2.8830	3.0298	2.8576	2.6886
66	4.3469	4.1321	3.9389	4.0788	3.7761	4.0920	3.6277	4.0926	2.9096	3.0364	2.8763	2.7103
67	4.3634	4.1369	3.9575	4.0886	3.8031	4.1000	3.6555	4.1002	2.9366	3.0423	2.8950	2.7311
68	4.3801	4.1422	3.9762	4.0976	3.8301	4.1073	3.6837	4.1068	2.9638	3.0472	2.9133	2.7511
69	4.3967	4.1478	3.9947	4.1058	3.8566	4.1140	3.7118	4.1123	2.9907	3.0508	2.9309	2.7701
70	4.4131	4.1533	4.0127	4.1131	3.8827	4.1201	3.7395	4.1164	3.0169	3.0532	2.9474	2.7883
71	4.4289	4.1588	4.0301	4.1198	3.9081	4.1253	3.7663	4.1193	3.0420	3.0542	2.9626	2.8055
72	4.4440	4.1639	4.0468	4.1257	3.9325	4.1299	3.7919	4.1212	3.0656	3.0538	2.9760	2.8219
73	4.4579	4.1688	4.0628	4.1308	3.9557	4.1336	3.8161	4.1220	3.0877	3.0523	2.9877	2.8375
74	4.4705	4.1735	4.0782	4.1353	3.9772	4.1362	3.8386	4.1216	3.1083	3.0501	2.9975	2.8522
75	4.4819	4.1780	4.0929	4.1394	3.9967	4.1377	3.8593	4.1199	3.1273	3.0473	3.0054	2.8662
76	4.4924	4.1824	4.1067	4.1434	4.0140	4.1380	3.8779	4.1167	3.1446	3.0441	3.0113	2.8796
77	4.5024	4.1869	4.1194	4.1474	4.0291	4.1375	3.8943	4.1117	3.1601	3.0406	3.0151	2.8926
78	4.5126	4.1917	4.1308	4.1517	4.0425	4.1366	3.9086	4.1053	3.1740	3.0365	3.0167	2.9053
79	4.5240	4.1971	4.1420	4.1575	4.0548	4.1358	3.9215	4.0978	3.1868	3.0324	3.0163	2.9179
80	4.5402	4.2037	4.1539	4.1651	4.0692	4.1365	3.9354	4.0898	3.2007	3.0290	3.0159	2.9309
81	4.5630	4.2113	4.1735	4.1770	4.0877	4.1387	3.9552	4.0839	3.2200	3.0281	3.0182	2.9450
82	4.5931	4.2231	4.2033	4.1955	4.1121	4.1445	3.9792	4.0789	3.2461	3.0312	3.0247	2.9612
83	4.6315	4.2403	4.2439	4.2212	4.1458	4.1570	4.0103	4.0786	3.2782	3.0388	3.0364	2.9810
84	4.6777	4.2676	4.2936	4.2574	4.1892	4.1775	4.0499	4.0867	3.3180	3.0529	3.0559	3.0063
85	4.7329	4.3054	4.3536	4.3047	4.2438	4.2090	4.1002	4.1069	3.3667	3.0754	3.0842	3.0380
